5,13
83381.523438,56934.570312,64744.777344,75319.328125,119823.750000,36211.871094,73733.585938,117920.875000,43818.687500,75794.656250,119159.687500,93241.781250,14111.999023
123388.445312,8430.192383,104426.179688,118465.453125,96195.687500,81328.039062,123000.968750,83203.992188,53916.882812,72835.664062,70012.695312,18597.810547,109476.000000
63320.085938,12835.430664,97836.375000,74600.906250,19043.609375,57761.203125,8078.776367,83788.382812,9623.829102,4445.822754,120000.250000,83357.406250,122366.695312
40362.242188,35695.363281,118069.679688,10147.323242,49807.363281,118001.421875,18577.515625,30776.839844,113010.179688,114773.210938,112104.875000,112554.437500,74520.500000
42565.062500,61933.406250,21076.498047,61162.871094,47952.703125,84396.593750,73998.304688,22332.382812,35540.796875,93041.914062,80093.585938,43619.570312,53373.593750

13,5
48065.394531,49917.144531,49618.125000,46975.390625,90279.390625
85313.484375,41588.371094,100426.710938,11664.150391,36133.093750
119004.226562,42440.988281,25686.570312,110320.734375,31089.167969
14784.309570,61384.539062,73654.226562,76717.718750,82461.039062
11360.404297,1213.719360,43400.925781,85358.703125,23546.101562
78941.718750,54943.917969,103639.695312,122561.289062,108317.515625
69900.406250,47169.980469,34777.960938,119518.539062,94145.375000
1600.649414,81375.320312,12277.043945,102027.359375,93039.468750
48410.140625,97574.890625,12023.761719,74096.710938,84438.921875
43112.929688,88881.023438,22366.763672,116767.156250,42142.031250
104827.796875,4670.864258,43355.753906,24772.023438,90029.570312
66901.851562,103713.742188,21516.791016,47084.847656,102818.328125
6377.605469,116985.250000,26531.611328,41155.566406,113047.085938

13,2
9497.329102,21326.876953
40548.476562,57907.468750
118901.765625,52572.242188
8547.475586,79883.992188
95685.171875,97428.500000
102250.757812,88995.632812
16113.826172,83621.859375
93666.500000,59469.578125
108393.882812,60239.367188
2914.734375,88650.921875
81756.156250,49999.582031
68012.554688,88133.765625
43528.132812,94544.164062

2,13
33118.515625,91764.445312,48588.847656,104084.226562,101261.781250,69915.726562,21176.000000,35712.546875,65360.792969,73748.242188,44260.023438,21788.083984,45976.710938
18231.814453,582.142883,11515.641602,34345.644531,84204.000000,105182.132812,93815.218750,69141.179688,41964.804688,96729.953125,34335.402344,264.264374,23272.835938

4,5
73435.421875,94230.656250,99919.484375,41743.171875,19362.808594
80547.007812,19548.248047,89278.531250,101723.007812,55260.792969
31182.625000,52014.550781,99520.820312,52970.707031,97991.257812
117752.632812,53552.851562,109506.906250,28641.574219,14300.153320

5,4
122456.789062,83441.335938,9740.448242,95730.054688
117776.742188,10004.711914,119002.882812,96667.992188
98402.734375,62347.156250,46646.714844,69176.703125
38809.937500,88389.882812,88539.507812,119356.945312
107938.132812,54361.343750,97623.257812,39742.230469

10,11
15057.973633,715.667908,10102.275391,68610.828125,110222.570312,38743.847656,82910.976562,77998.210938,37743.945312,42895.613281,87738.664062
10017.294922,37215.652344,97743.367188,5563.479492,10426.948242,72689.414062,67910.632812,57073.664062,18409.416016,106720.570312,22006.847656
106948.929688,102620.812500,6488.281250,37853.566406,76787.375000,46230.511719,123397.531250,102968.476562,62036.851562,14998.805664,103684.148438
72139.125000,83609.632812,90450.015625,110882.976562,43063.910156,44991.531250,25170.220703,85959.523438,9273.494141,35187.515625,123175.171875
107016.867188,40750.996094,10145.423828,56249.582031,108661.632812,67219.085938,74659.000000,91925.500000,89225.937500,58151.222656,71089.609375
95714.218750,96004.789062,24420.287109,18488.027344,95945.625000,3932.063965,80524.882812,110944.429688,107616.210938,29207.306641,71097.351562
74609.531250,16633.583984,114161.265625,119601.054688,41803.804688,76664.093750,5417.852539,76991.320312,76382.570312,112434.718750,117742.312500
86527.992188,45227.601562,102947.242188,30290.380859,119886.601562,71416.039062,119516.320312,54581.125000,19048.957031,91773.835938,27129.216797
43469.246094,110261.859375,123074.843750,47401.308594,67330.039062,110562.562500,31560.816406,96537.351562,58203.222656,106170.343750,113170.929688
48907.789062,102314.703125,31518.033203,2115.181152,107732.554688,108509.351562,78497.750000,96710.578125,102794.968750,41569.039062,18481.480469

11,10
71859.421875,14911.383789,30244.853516,67919.039062,69492.507812,49293.812500,36236.175781,96621.726562,92763.062500,23041.335938
96239.859375,16707.666016,90371.375000,83345.734375,48268.484375,63452.027344,18092.251953,30982.125000,53166.253906,67000.039062
9840.129883,84684.289062,69115.218750,117572.687500,69736.945312,24156.271484,90826.554688,49075.214844,65725.312500,109308.039062
7904.026367,14128.033203,762.726074,38148.878906,82047.070312,70255.234375,87442.695312,118283.250000,43420.261719,56749.050781
17867.882812,16203.429688,73456.718750,108239.265625,99549.164062,121725.203125,48234.585938,117641.414062,29250.625000,101400.843750
61184.753906,39090.753906,62628.429688,6843.274902,33206.742188,8908.676758,30999.546875,576.602905,57983.890625,96724.859375
109884.640625,65887.921875,110852.898438,110647.367188,104036.796875,69443.265625,57445.906250,68022.789062,64269.808594,100866.171875
1315.139648,82137.695312,117069.601562,74771.851562,66920.257812,93162.062500,73040.351562,115154.843750,87346.773438,102290.984375
93098.984375,25074.826172,17925.035156,32270.718750,31918.101562,51131.777344,41179.394531,62917.644531,51708.378906,99163.281250
36185.804688,38136.324219,41594.500000,23581.998047,25326.996094,22174.597656,93025.265625,82772.906250,90197.382812,33838.375000
60182.375000,91512.523438,115976.070312,53795.277344,42827.683594,59439.625000,23500.642578,115868.031250,51137.769531,110847.414062

10,4
112627.351562,53050.769531,44383.648438,40302.425781
94230.164062,107301.289062,92010.804688,69936.750000
20030.398438,6690.430176,111531.250000,43612.394531
32017.423828,10249.147461,13180.960938,114790.328125
100446.531250,47019.335938,51516.007812,68502.359375
39538.703125,105311.289062,111330.039062,98978.335938
5355.229004,103741.382812,26659.400391,116202.640625
74987.000000,47439.453125,5211.489258,64157.640625
100490.226562,49595.132812,104460.070312,71263.695312
33439.726562,73014.179688,17743.742188,53470.125000

4,10
5818.291992,97082.523438,111722.031250,16067.439453,110263.484375,103055.664062,116513.968750,33826.117188,31114.970703,61559.636719
73364.820312,12969.556641,49432.976562,48886.453125,18324.785156,29717.656250,75545.851562,11070.730469,104704.648438,122985.304688
16282.219727,45405.593750,100018.828125,65877.351562,26408.962891,47825.828125,99317.078125,99423.140625,65569.570312,29330.507812
55671.042969,71387.867188,2956.333496,43936.375000,87455.296875,113219.812500,23535.339844,80512.570312,23589.236328,54650.312500

8,2
68048.484375,22383.816406
85944.656250,97766.148438
97929.671875,97015.382812
79014.085938,97458.273438
113297.601562,962.984375
74020.414062,55718.257812
27371.947266,121846.242188
31578.638672,3338.386230

2,8
60909.148438,59009.429688,11890.269531,63865.484375,102945.804688,99345.570312,53628.601562,3024.448730
56401.445312,77217.835938,57674.757812,75016.953125,50715.195312,1837.923828,19608.740234,73099.007812

1,6
61341.257812,72932.273438,21573.562500,51182.160156,73895.257812,95593.976562

6,1
101267.210938
93983.515625
15022.353516
104605.585938
34485.925781
75931.500000

4,5
19647.431641,22265.066406,69968.875000,22671.880859,78666.515625
23730.015625,80346.640625,30226.763672,74445.210938,82184.562500
49835.503906,24087.525391,46510.437500,43753.687500,71659.507812
107851.695312,116685.960938,93233.070312,35577.156250,67124.523438

5,4
19020.869141,44935.027344,35897.160156,34043.222656
26083.919922,70383.085938,109974.718750,66242.242188
116759.281250,2858.304932,85889.671875,15567.647461
72827.179688,108561.554688,94234.164062,96557.203125
65451.488281,1004.223450,47545.714844,24179.355469

13,10
94593.414062,19836.048828,55084.789062,87822.679688,113069.117188,90661.937500,31490.498047,54982.765625,109682.812500,76425.531250
90879.921875,20269.332031,102509.445312,37806.308594,6787.354492,45294.984375,31108.892578,9645.659180,7727.957520,46676.539062
82472.843750,116289.507812,17453.998047,55573.347656,58284.304688,18458.222656,103119.054688,82463.656250,69297.953125,51295.601562
29696.750000,40434.664062,71131.656250,84781.539062,4800.642090,60744.066406,51986.777344,36291.140625,115726.828125,38212.886719
112716.664062,83150.054688,58482.218750,91769.406250,120956.359375,65269.570312,13607.690430,28608.554688,74915.234375,21335.646484
75285.093750,33931.375000,14168.458984,92739.093750,89504.718750,72452.765625,111197.312500,69167.085938,31459.720703,57038.562500
120462.679688,61156.472656,97473.226562,68137.632812,22481.310547,102273.875000,5425.000000,74468.093750,15108.311523,121151.835938
112680.976562,4368.274902,80845.187500,47706.492188,96137.679688,78344.843750,112976.062500,109745.375000,106953.406250,64434.597656
7624.319336,58781.800781,98365.976562,21792.779297,28064.191406,64413.992188,94245.546875,15804.805664,10124.377930,2248.563721
72843.375000,7130.359863,63405.035156,46859.898438,75267.992188,85886.343750,25677.070312,80692.992188,36897.734375,40785.382812
78388.125000,26122.011719,45153.656250,35776.609375,73828.500000,17834.638672,114121.453125,63347.875000,4123.309570,97618.164062
4325.768066,11747.628906,32943.265625,102691.742188,33540.406250,61007.453125,43649.039062,4329.250000,76812.257812,53773.417969
6577.813965,26198.931641,60903.777344,69982.851562,73058.828125,12715.067383,32412.496094,98735.906250,93408.062500,69310.234375

10,13
48339.484375,95432.242188,61218.242188,84116.093750,45804.050781,79052.875000,74780.851562,109151.921875,83176.187500,48942.316406,113477.687500,94923.812500,81885.578125
92712.726562,5007.524902,19436.335938,12905.069336,9336.774414,96248.593750,66678.484375,15914.588867,122447.531250,4125.561035,85897.445312,72049.656250,16840.628906
118309.937500,47328.859375,110248.687500,64163.468750,63393.445312,35131.472656,36139.015625,1154.987061,119247.570312,81943.070312,80207.867188,70571.718750,67638.289062
39927.351562,119514.031250,57659.277344,11394.470703,77942.914062,26915.306641,16401.996094,97379.250000,39820.378906,25738.771484,70171.148438,106498.859375,41653.359375
69161.976562,110624.421875,4094.099365,17754.937500,4008.351562,122404.039062,65083.800781,114257.039062,63110.808594,5020.546387,25931.814453,99249.820312,6175.533203
21722.681641,57736.191406,86383.398438,92294.398438,1917.778320,2854.052979,88351.742188,59577.054688,14248.524414,42837.953125,86492.359375,30650.519531,16760.503906
2856.035645,56389.289062,86931.648438,109354.898438,98042.648438,32636.929688,96522.617188,102136.750000,50391.867188,100530.968750,101084.085938,115475.664062,91331.312500
40738.195312,120496.210938,117263.125000,16531.320312,3215.046631,15529.108398,74267.507812,89598.445312,107823.507812,76185.289062,92452.500000,72718.546875,12305.642578
106701.023438,115556.500000,98798.007812,13894.842773,8860.301758,101654.039062,70284.132812,95791.953125,87552.234375,44870.085938,4972.181641,60618.152344,23550.134766
55364.046875,37692.421875,1177.522583,47383.015625,5567.032715,41915.718750,44422.531250,122830.156250,58447.035156,47637.574219,14902.566406,9257.847656,13779.321289

8,10
71987.921875,97748.781250,89476.140625,64087.722656,73090.085938,103370.984375,72948.023438,51287.417969,50198.417969,45283.273438
15382.953125,95068.507812,50255.457031,76001.109375,118618.640625,105619.507812,113693.523438,119796.164062,29545.820312,119260.554688
38255.179688,73968.343750,118634.015625,96702.218750,121605.921875,10079.884766,105960.062500,11928.543945,9349.261719,67946.500000
118160.359375,81337.179688,42238.578125,84179.804688,21968.205078,115328.656250,64094.093750,94916.226562,43159.375000,114292.507812
16742.802734,58542.328125,85904.312500,66998.257812,11086.735352,81066.250000,49161.066406,1323.563599,77405.710938,78706.882812
120584.125000,115660.898438,29218.535156,115761.445312,88906.414062,27367.757812,2384.627686,71409.781250,39296.300781,11733.888672
15899.575195,33999.964844,93071.070312,58138.152344,118179.773438,115039.281250,50010.109375,58817.160156,86498.796875,93169.492188
49652.972656,103241.609375,28255.117188,12100.586914,46783.164062,39341.851562,93166.843750,95944.234375,40665.414062,47115.859375

10,8
37792.843750,39320.054688,80412.953125,30097.582031,4769.768555,107780.710938,32482.210938,76179.546875
23620.312500,44216.097656,92079.125000,57620.277344,13830.471680,26760.572266,52343.347656,5413.047852
76770.679688,111160.515625,91911.851562,46483.472656,37356.781250,71696.757812,74738.585938,49457.371094
118479.921875,114080.437500,19167.511719,90967.453125,31289.160156,66283.367188,18705.169922,69082.000000
105603.421875,99118.117188,99179.585938,110373.195312,83442.132812,8205.091797,63096.039062,107062.437500
52421.191406,31718.458984,41226.019531,66251.664062,58479.031250,93569.367188,71664.710938,11793.016602
81273.179688,40119.863281,58276.488281,118629.960938,111816.617188,9558.375977,44630.628906,106839.843750
182.117294,63798.136719,74350.593750,31471.273438,6624.810547,93055.765625,100553.273438,112228.234375
68717.179688,76276.156250,99144.726562,28702.613281,84481.250000,38784.066406,12308.353516,13445.740234
70502.523438,53534.371094,79697.406250,5524.855957,23647.039062,27905.417969,17317.873047,104920.210938
