11,11
107222.375000,38193.390625,111113.484375,19110.500000,56747.765625,34962.710938,71071.835938,58157.648438,14783.039062,9567.791016,23818.785156
75246.953125,112764.882812,81559.304688,100923.031250,13248.421875,57531.316406,104347.335938,108302.593750,82849.070312,48645.597656,28422.101562
110872.312500,45676.843750,20461.376953,95661.093750,116104.656250,80146.171875,112160.609375,14444.950195,63438.832031,95926.281250,52638.339844
51095.617188,115036.781250,109386.109375,86058.328125,62651.917969,44087.050781,100841.367188,72219.710938,67905.835938,52631.621094,61527.894531
26008.435547,30097.949219,74776.312500,83539.757812,10988.588867,59622.207031,42932.125000,59634.187500,88044.304688,30347.736328,105311.031250
108505.679688,2552.132324,97958.976562,65195.152344,114712.750000,112403.929688,5177.285645,87182.328125,41585.570312,56272.902344,78762.414062
27514.976562,18874.531250,17957.630859,71602.031250,119715.898438,90177.335938,16051.166016,48890.816406,28248.531250,42059.605469,78988.765625
103024.843750,2142.657959,89977.351562,39190.351562,45074.781250,26154.841797,3777.959473,75422.515625,8009.167969,112283.640625,77974.648438
105968.148438,54022.093750,69230.695312,94915.382812,59199.378906,32956.324219,13044.250977,115472.281250,111718.734375,40559.226562,10890.112305
6219.667969,112161.250000,7149.311523,96397.007812,4755.721680,56040.128906,1188.840210,46815.324219,11572.198242,104213.687500,48957.984375
101549.554688,19947.341797,94032.765625,4247.695801,23725.300781,45998.582031,12256.864258,12552.242188,516.531433,118225.015625,66574.335938

12,11
89683.695312,2317.015625,102703.554688,102727.945312,117789.296875,90965.593750,19830.470703,5222.708008,97185.257812,8535.025391,12372.019531
70125.562500,13290.746094,68412.156250,71314.406250,60106.070312,79984.351562,52071.394531,109064.046875,58077.199219,72018.742188,79640.117188
62324.894531,95744.031250,2181.998535,74581.757812,108296.273438,2698.529785,69350.070312,51413.917969,72445.757812,35577.066406,53730.933594
51692.609375,14848.309570,48063.527344,19201.500000,34678.781250,53286.234375,116386.757812,43213.808594,65658.257812,63055.621094,56504.550781
10613.704102,10913.327148,116610.625000,90598.054688,62984.718750,102217.976562,25218.552734,11546.756836,58401.394531,87543.445312,107290.789062
60583.390625,38668.511719,92130.375000,63281.917969,108018.585938,20087.587891,12270.977539,20138.949219,73818.515625,63963.589844,34987.257812
121882.046875,83165.085938,69666.039062,51711.582031,76095.140625,112879.843750,117369.835938,15694.064453,45927.695312,4526.840332,26607.392578
39081.617188,95124.890625,89592.109375,17842.894531,120343.437500,101138.867188,76244.289062,84430.187500,84972.968750,13370.976562,123098.703125
53646.636719,76652.898438,107660.585938,73734.226562,88923.875000,4342.835449,24096.044922,29430.761719,39330.093750,22521.392578,112595.851562
108996.132812,74232.976562,65234.292969,98419.281250,68146.109375,80928.351562,20890.273438,72672.953125,107535.750000,59971.890625,44341.144531
73671.164062,77814.789062,41227.886719,51353.332031,30602.373047,2201.379639,12869.596680,43973.351562,1843.382446,66516.234375,120626.250000
109503.968750,16793.757812,86093.421875,113846.804688,40889.804688,115524.187500,29720.197266,63411.195312,104663.335938,15259.630859,14187.469727

12,11
3912.582520,11112.481445,31549.833984,111448.328125,71084.375000,75890.976562,61662.792969,25442.458984,117118.859375,113016.132812,56044.835938
119320.242188,2429.022949,100018.187500,121163.625000,68945.250000,97187.734375,107210.890625,85739.015625,59824.453125,97601.000000,3172.118896
51891.941406,3864.495117,66583.312500,33098.578125,19124.125000,80770.781250,79539.500000,9346.333984,39647.667969,83452.085938,20458.814453
71197.500000,71443.718750,91543.187500,23631.775391,9649.810547,116985.648438,17293.937500,122665.937500,49573.781250,13157.479492,1638.259888
26135.263672,10864.404297,70583.515625,123322.992188,118075.296875,32865.828125,59690.753906,92219.593750,36037.949219,111582.687500,96084.085938
102621.265625,21224.570312,115208.218750,59935.351562,100764.070312,1097.849365,99583.015625,60759.457031,21556.664062,47323.816406,8746.474609
113099.851562,70955.593750,18396.285156,106628.796875,88249.531250,17605.521484,32745.876953,101407.007812,19243.781250,58881.140625,112271.414062
89827.296875,58747.437500,106890.007812,122693.125000,118438.187500,75652.906250,35274.378906,106564.179688,48280.289062,14438.945312,4332.048828
40031.808594,74374.296875,105096.117188,41129.656250,50500.613281,42398.878906,62686.320312,97824.421875,51145.355469,52329.472656,45323.316406
69541.640625,35501.570312,10116.145508,87147.156250,68247.453125,111523.156250,106390.945312,3671.891602,100337.867188,72761.546875,62419.328125
83771.171875,71997.968750,57400.816406,35967.371094,107272.351562,40508.296875,84247.656250,121711.296875,44840.343750,822.770325,72628.890625
26479.763672,41952.425781,123129.507812,68878.640625,104638.750000,97497.234375,120024.000000,33511.519531,19363.849609,66108.937500,69013.093750

11,12
29799.398438,13803.840820,17546.447266,12733.640625,17475.732422,117884.312500,85495.187500,79895.062500,78198.781250,34036.453125,13839.175781,114166.156250
17852.105469,54347.472656,74957.109375,16106.701172,99187.812500,75779.882812,88735.593750,2210.878174,117732.312500,88408.398438,71089.523438,98914.359375
62448.933594,67656.812500,8969.178711,81812.781250,10309.054688,77982.265625,111292.773438,40108.453125,91786.109375,5382.524902,52842.093750,109261.843750
123266.835938,14880.576172,65700.203125,78008.914062,48917.027344,79539.382812,68718.367188,66769.132812,10430.151367,20218.781250,82875.835938,109617.968750
95998.664062,48154.734375,111828.843750,90274.273438,13106.431641,59461.664062,65731.929688,75555.367188,3661.782959,74701.117188,33911.445312,13970.837891
29226.683594,21747.523438,54079.292969,121012.796875,27130.048828,106921.382812,106817.945312,26940.183594,121801.960938,49061.445312,104949.093750,47262.292969
5144.125977,50210.761719,114031.421875,15574.277344,70429.539062,73450.562500,1735.543091,42971.507812,121605.289062,113564.390625,9789.083984,11255.028320
49569.351562,75521.015625,86810.390625,53231.132812,26765.433594,120721.835938,67201.976562,55992.117188,19012.660156,121281.265625,53548.214844,46142.710938
104745.945312,36909.453125,73082.890625,103091.203125,85970.898438,54575.289062,26896.796875,91115.023438,104786.054688,17471.523438,106689.296875,51758.894531
90922.085938,108424.843750,94730.398438,89070.687500,98532.539062,104519.484375,100325.710938,24645.183594,56583.804688,63679.406250,77876.320312,83349.234375
60944.542969,21621.589844,15884.654297,79957.203125,19446.152344,69432.867188,2643.211670,735.399048,106342.320312,75726.101562,103826.609375,68856.515625

10,3
111630.742188,24738.226562,19747.445312
39932.937500,115660.312500,4715.592285
11206.639648,81274.304688,103248.125000
115726.125000,58143.312500,4436.607910
48853.226562,121822.718750,82312.921875
8745.762695,59310.558594,103934.515625
24630.416016,15811.064453,123380.671875
94063.289062,18454.275391,659.367249
76948.906250,94180.375000,104485.976562
22348.722656,101025.070312,111752.671875

3,10
89199.117188,13034.205078,78611.015625,5675.354492,5237.821289,83326.609375,16881.996094,86512.117188,63118.027344,9151.418945
21198.736328,67554.640625,58004.648438,19564.753906,26410.865234,66750.414062,78875.312500,6888.680664,91380.828125,94686.375000
6812.648438,61987.410156,113140.648438,7472.016113,15479.615234,83864.328125,111957.984375,37828.335938,61432.703125,100253.968750

4,7
51846.218750,32850.472656,118525.992188,11716.126953,49732.468750,81581.414062,74834.156250
58883.890625,102780.148438,18932.097656,116888.539062,122344.906250,45342.960938,60182.246094
77763.523438,52231.644531,28106.371094,48993.203125,59044.292969,90093.781250,38677.156250
66516.304688,105573.398438,122541.492188,55017.597656,19945.035156,60517.492188,31814.865234

7,4
87692.617188,21646.335938,45026.460938,120543.085938
16715.630859,56742.585938,46818.855469,98297.046875
8120.044434,105702.742188,77620.500000,27052.140625
99134.578125,76508.710938,72395.101562,35860.125000
30815.531250,1170.046387,63966.496094,79808.734375
60214.339844,30603.580078,118485.890625,3273.945557
12720.276367,117570.679688,58291.542969,32665.312500

5,6
18867.386719,111752.742188,70872.015625,15953.773438,5011.672852,4157.897461
62772.628906,103308.718750,12277.941406,45018.675781,57472.519531,39330.085938
20696.552734,10524.524414,111725.187500,56556.679688,41340.054688,112895.234375
120523.171875,121148.789062,49652.871094,27670.056641,116177.976562,52926.816406
40390.332031,110291.953125,111218.359375,73055.648438,41466.730469,77868.070312

6,5
60334.117188,66164.109375,46316.507812,76287.890625,71175.781250
50474.406250,15603.818359,51027.800781,62752.343750,60622.492188
108500.312500,102082.429688,81319.046875,119024.843750,90350.914062
14419.024414,36908.199219,79789.453125,11485.500977,34600.285156
5985.621094,39155.558594,27321.564453,58912.437500,79545.898438
14156.824219,46674.097656,29144.835938,55623.554688,1085.463745

5,7
50905.835938,68788.859375,14968.653320,101380.242188,84392.679688,65996.453125,40675.886719
21558.472656,51040.070312,19301.617188,102877.523438,46608.214844,109652.531250,117296.539062
83516.414062,65985.281250,5325.346191,118116.695312,71970.898438,44480.906250,21981.562500
7426.641113,570.095276,36138.386719,54100.738281,29714.929688,91761.937500,55186.199219
34304.261719,84262.914062,122435.773438,85210.101562,29595.076172,13947.728516,63133.640625

8,5
79944.187500,103809.531250,12089.531250,7527.553711,123111.140625
114967.046875,54135.769531,109306.968750,108806.898438,14195.479492
51835.558594,114132.242188,8855.476562,349.761108,35156.445312
30837.041016,7776.402832,35726.542969,66975.421875,61877.140625
65441.472656,35280.667969,117063.343750,99745.734375,119543.585938
116042.414062,61499.132812,25681.958984,6533.446777,1176.072998
16213.018555,86477.632812,104985.601562,28302.548828,94005.179688
104640.039062,19812.900391,24684.251953,90490.320312,5163.095215

10,3
47735.210938,19218.939453,30995.080078
78572.250000,26995.341797,66721.617188
22090.974609,88872.484375,8706.393555
57371.644531,82479.125000,108452.125000
53458.523438,75064.843750,46494.558594
79140.484375,81598.289062,47670.628906
95353.507812,44619.222656,29199.533203
199.351059,15167.702148,10382.875977
20012.250000,39851.953125,100873.195312
25175.345703,78731.679688,119742.375000

3,10
3010.192383,15504.612305,52009.062500,81582.445312,42499.953125,118730.687500,103673.414062,7915.733887,3980.378174,37588.359375
90394.859375,112432.507812,91046.882812,42003.000000,35470.363281,46730.667969,144.592087,83140.992188,18627.470703,44763.808594
112340.531250,18826.822266,59931.515625,122723.406250,38839.070312,99783.468750,100139.906250,64014.414062,55058.453125,96425.570312

8,10
13580.762695,16194.384766,30973.439453,8854.748047,119867.796875,38889.171875,12835.126953,33999.457031,5827.331543,1810.931519
1589.641235,47830.335938,37281.292969,48320.308594,47974.925781,120422.296875,66947.781250,92738.742188,109306.117188,85774.601562
29213.550781,108572.828125,1156.974731,5540.318359,85256.031250,65171.390625,60598.769531,58224.902344,26743.091797,118667.421875
46698.386719,40323.855469,11405.100586,77671.828125,49178.605469,7816.200684,116561.000000,62013.730469,41815.660156,122388.335938
63824.664062,43405.300781,46761.964844,101105.960938,91725.609375,94736.890625,98071.546875,35216.691406,64018.933594,83920.976562
120991.289062,93232.476562,69037.101562,122148.265625,98772.804688,30836.429688,63862.960938,35914.871094,89061.335938,90606.054688
31125.585938,12303.021484,7473.209473,42530.687500,89974.851562,56651.816406,50346.886719,83079.148438,118665.539062,92162.546875
82010.781250,59033.507812,12111.145508,5316.047852,36682.769531,103836.757812,100052.937500,11297.619141,15596.745117,40615.171875

10,8
13131.335938,10390.951172,40798.992188,11822.903320,109163.750000,71635.421875,75685.867188,21621.919922
37240.054688,42835.214844,52747.507812,49543.074219,50308.425781,95278.187500,16061.225586,106960.242188
22168.380859,99140.375000,102169.085938,114330.929688,57694.457031,37745.894531,2985.370605,63010.503906
74428.664062,106822.125000,39606.746094,85726.281250,122418.867188,80221.914062,57488.171875,12093.505859
90612.867188,98287.164062,23916.408203,76319.914062,46465.886719,99602.265625,97941.835938,83705.945312
18980.789062,27232.646484,9792.318359,69289.218750,122510.843750,25853.542969,52792.753906,21222.519531
1537.219482,31505.140625,12096.745117,59231.679688,69251.031250,15082.116211,122242.187500,20222.994141
121904.242188,38392.230469,105949.273438,120866.406250,118614.140625,39980.746094,9503.216797,85770.312500
14811.211914,33419.625000,38633.531250,61277.097656,9565.198242,13118.672852,21526.339844,28545.986328
40351.316406,31318.656250,97835.195312,39405.460938,57172.203125,27171.255859,60627.980469,58709.421875

7,9
4470.729004,87806.843750,116726.585938,24693.724609,86254.382812,31662.111328,7186.299316,83664.093750,26819.556641
47167.046875,93167.312500,112589.867188,61978.253906,3130.235840,27766.703125,123255.351562,12695.434570,40885.375000
21324.996094,41241.421875,81236.695312,52643.656250,15619.920898,120642.156250,109815.859375,42791.175781,57813.433594
45068.578125,101467.570312,7081.459473,39552.976562,105938.304688,94888.304688,32822.859375,7175.325195,57685.984375
64484.968750,14361.625000,17893.378906,91304.531250,61528.671875,111060.687500,80437.695312,50.228374,114190.921875
108204.398438,123305.585938,3429.658203,25633.072266,21173.880859,44671.078125,106869.773438,73817.531250,60291.000000
104055.218750,60176.691406,103082.179688,38411.953125,105245.273438,81093.046875,45493.414062,21341.546875,63574.648438

9,7
54164.406250,70749.968750,74611.000000,118649.375000,85111.593750,92504.375000,86497.195312
23183.568359,80108.367188,43478.195312,23233.796875,70842.593750,28225.890625,23082.681641
74272.250000,53858.964844,44256.562500,118943.328125,37272.031250,118074.093750,55777.628906
17870.550781,54794.089844,35403.101562,56282.503906,36582.660156,116496.148438,101775.914062
57924.203125,56614.097656,118700.929688,112088.609375,3907.372314,69855.234375,107281.281250
89018.968750,38902.910156,70321.781250,112202.539062,119011.281250,113799.976562,11979.635742
66397.171875,18569.164062,35062.316406,17212.718750,72428.125000,79318.882812,12699.345703
109700.156250,73936.281250,68476.976562,4114.006836,5273.664062,103880.078125,60396.511719
41856.324219,96919.523438,38715.726562,99780.531250,30076.925781,33959.960938,88412.437500

12,4
123003.273438,19261.406250,19102.101562,111749.101562
14815.982422,9445.375977,272.041260,81213.156250
28014.539062,35334.359375,98425.867188,100442.671875
114653.234375,111125.210938,86686.125000,65132.808594
56145.484375,90800.132812,70406.476562,36568.863281
27739.943359,112262.804688,10031.688477,66455.671875
88586.625000,40108.613281,100415.632812,53542.363281
74092.914062,80774.125000,2322.684570,73639.476562
100035.539062,21424.785156,61931.882812,114851.515625
30870.162109,62203.929688,72607.960938,58884.703125
97538.289062,47577.136719,35870.671875,88734.820312
35245.648438,122556.796875,30410.931641,91391.140625

4,12
100817.406250,4503.297852,117640.164062,89623.507812,14534.985352,60639.140625,54753.433594,54643.601562,37598.074219,108295.796875,5279.810059,118372.203125
110618.476562,78919.289062,94951.031250,8586.568359,17394.472656,86345.843750,39456.730469,79598.398438,35497.117188,98341.429688,53679.984375,83074.250000
10755.402344,18958.103516,118319.898438,9855.498047,49369.035156,86254.335938,99755.726562,26729.742188,90757.632812,93939.195312,116353.250000,105292.617188
31121.632812,47649.980469,36479.515625,68719.703125,32489.080078,41759.324219,63635.203125,19650.865234,120678.617188,35129.539062,28237.433594,14616.390625
